4294967294,473
4294967279,290
4294967278,286
4294967279,289
4294967278,285
4294967293,131
4294967293,130
4294967293,129
4294967293,128
4294967293,127
4294967293,126
4294967293,125
4294967293,124
4294967293,123
4294967293,122
4294967293,121
4294967293,120
4294967293,119
4294967293,118
4294967293,117
4294967293,116
4294967293,115
4294967293,114
4294967293,113
4294967293,112
4294967293,111
4294967293,110
4294967293,109
4294967293,108
4294967293,107
4294967293,106
4294967293,105
4294967293,104
4294967293,103
4294967293,102
4294967293,101
4294967293,100
4294967293,99
4294967293,98
4294967293,97
4294967293,96
4294967293,95
4294967293,94
4294967293,93
4294967293,92
4294967293,91
4294967293,90
4294967293,89
4294967293,88
4294967293,87
4294967293,86
4294967293,85
4294967293,84
4294967293,83
4294967293,82
4294967293,81
4294967293,80
4294967293,79
4294967293,78
4294967293,77
4294967293,76
4294967293,75
4294967293,74
4294967293,73
4294967293,72
4294967293,71
4294967293,70
4294967293,69
4294967293,68
4294967293,67
4294967293,66
4294967293,65
4294967293,64
4294967293,63
4294967293,62
4294967293,61
4294967293,60
4294967293,59
4294967293,58
4294967293,57
4294967293,56
4294967293,55
4294967293,54
4294967293,53
4294967293,52
4294967293,51
4294967293,50
4294967293,49
4294967293,48
4294967293,47
4294967293,46
4294967293,45
4294967293,44
4294967293,43
4294967293,42
4294967293,41
4294967293,40
4294967293,39
4294967293,38
4294967293,37
4294967293,36
4294967293,35
4294967293,34
4294967293,33
4294967293,32
4294967293,31
4294967293,30
4294967293,29
4294967293,28
4294967293,27
4294967293,26
4294967293,25
4294967293,24
4294967293,23
4294967293,22
4294967293,21
4294967293,20
4294967293,19
4294967293,18
4294967293,17
4294967293,16
4294967293,15
4294967293,14
4294967293,13
4294967293,12
4294967293,11
4294967293,10
4294967293,9
4294967293,8
4294967293,7
4294967293,6
4294967293,5
4294967293,4
4294967293,3
4294967293,2
4243767290,0
4243767289,0
4243767288,0
4243767287,0
4243767286,0
4243767285,0
4243767284,0
4243767283,0
4243767282,0
4243767281,0
4294967293,0
4294967278,231
4294967278,111
4294967278,235
4294967278,112
4294967278,113
4294967278,239
4294967278,114
4294967278,237
4294967278,238
4294967278,243
4294967278,241
4294967278,115
4294967278,116
4294967278,240
4294967278,242
4294967278,245
4294967278,117
4294967278,118
4294967278,247
4294967278,244
4294967278,249
4294967278,251
4294967278,246
4294967278,119
4294967278,248
4294967278,250
4294967278,120
4294967278,253
4294967278,121
4294967278,122
4294967278,254
4294967278,252
4294967278,255
4294967278,256
4294967278,123
4294967278,124
4294967278,125
4294967278,126
4294967278,257
4294967278,127
4294967278,258
4294967278,128
4294967278,129
4294967278,130
4294967278,131
4294967278,132
4294967278,3
4294967279,3
0,5
0,6
4294967294,413
4294967294,409
4294967294,1407
4294967294,1406
4294967294,1405
4294967294,1404
4294967294,1403
4294967294,1402
4294967294,1401
4294967294,1400
4294967294,1399
4294967294,1398
4294967294,1397
4294967294,1396
4294967294,1395
4294967294,1394
4294967294,1393
4294967294,1392
4294967294,1391
4294967294,1390
4294967294,1389
4294967294,1388
4294967294,1387
4294967294,1386
4294967294,1385
4294967294,1384
4294967294,1383
4294967294,1382
4294967294,1381
4294967294,1380
4294967294,1379
4294967294,1378
4294967294,1377
4294967294,1376
4294967294,319
4294967294,318
4294967294,317
4294967294,316
4294967294,315
4294967294,314
4294967294,313
4294967294,312
4294967294,311
4294967294,310
4294967294,309
4294967294,308
4294967294,307
4294967294,306
4294967294,305
4294967294,304
4294967294,303
4294967294,302
4294967294,301
4294967294,300
4294967294,299
4294967294,298
4294967294,297
4294967294,296
4294967294,295
4294967294,294
4294967294,293
4294967294,292
4294967294,291
4294967294,290
4294967294,289
4294967294,288
4294967294,186
4294967294,1343
4294967294,1342
4294967294,1341
4294967294,1340
4294967294,1339
4294967294,1338
4294967294,1337
4294967294,1336
4294967294,1335
4294967294,1334
4294967294,1333
4294967294,1332
4294967294,1331
4294967294,1330
4294967294,1329
4294967294,1328
4294967294,1327
4294967294,1326
4294967294,1325
4294967294,1324
4294967294,1323
4294967294,1322
4294967294,1321
4294967294,1320
4294967294,1318
4294967294,223
4294967294,222
4294967294,221
4294967294,220
4294967294,219
4294967294,218
4294967294,255
4294967294,254
4294967294,253
4294967294,252
4294967294,251
4294967294,250
4294967294,249
4294967294,248
4294967294,247
4294967294,246
4294967294,245
4294967294,244
4294967294,243
4294967294,242
4294967294,241
4294967294,240
4294967294,239
4294967294,238
4294967294,237
4294967294,236
4294967294,235
4294967294,234
4294967294,233
4294967294,232
4294967294,231
4294967294,230
4294967294,229
4294967294,228
4294967294,227
4294967294,226
4294967294,225
4294967294,224
4294967294,159
4294967294,156
4294967294,154
4294967294,152
4294967294,151
4294967294,150
4294967294,128
4294967294,27
4294967294,26
4294967294,9
4294967294,8
4294967294,5
4294967294,2
4294967294,0
4294967294,287
4294967294,286
4294967294,285
4294967294,284
4294967294,283
4294967294,282
4294967294,281
4294967294,280
